<Qucs Dataset 1.0.0>
<indep time 200>
  +0.00000000000000000000e+00
  +4.02010050251256301213e-01
  +8.04020100502512602425e-01
  +1.20603015075376895915e+00
  +1.60804020100502520485e+00
  +2.01005025125628167260e+00
  +2.41206030150753791830e+00
  +2.81407035175879416400e+00
  +3.21608040201005040970e+00
  +3.61809045226130665540e+00
  +4.02010050251256334519e+00
  +4.42211055276381959089e+00
  +4.82412060301507583659e+00
  +5.22613065326633208230e+00
  +5.62814070351758832800e+00
  +6.03015075376884457370e+00
  +6.43216080402010081940e+00
  +6.83417085427135706510e+00
  +7.23618090452261331080e+00
  +7.63819095477386955650e+00
  +8.04020100502512669038e+00
  +8.44221105527638293609e+00
  +8.84422110552763918179e+00
  +9.24623115577889542749e+00
  +9.64824120603015167319e+00
  +1.00502512562814079189e+01
  +1.04522613065326641646e+01
  +1.08542713567839204103e+01
  +1.12562814070351766560e+01
  +1.16582914572864329017e+01
  +1.20603015075376891474e+01
  +1.24623115577889453931e+01
  +1.28643216080402016388e+01
  +1.32663316582914578845e+01
  +1.36683417085427141302e+01
  +1.40703517587939703759e+01
  +1.44723618090452266216e+01
  +1.48743718592964828673e+01
  +1.52763819095477391130e+01
  +1.56783919597989953587e+01
  +1.60804020100502533808e+01
  +1.64824120603015096265e+01
  +1.68844221105527658722e+01
  +1.72864321608040221179e+01
  +1.76884422110552783636e+01
  +1.80904522613065346093e+01
  +1.84924623115577908550e+01
  +1.88944723618090471007e+01
  +1.92964824120603033464e+01
  +1.96984924623115595921e+01
  +2.01005025125628158378e+01
  +2.05025125628140720835e+01
  +2.09045226130653283292e+01
  +2.13065326633165845749e+01
  +2.17085427135678408206e+01
  +2.21105527638190970663e+01
  +2.25125628140703533120e+01
  +2.29145728643216095577e+01
  +2.33165829145728658034e+01
  +2.37185929648241220491e+01
  +2.41206030150753782948e+01
  +2.45226130653266345405e+01
  +2.49246231155778907862e+01
  +2.53266331658291470319e+01
  +2.57286432160804032776e+01
  +2.61306532663316595233e+01
  +2.65326633165829157690e+01
  +2.69346733668341720147e+01
  +2.73366834170854282604e+01
  +2.77386934673366845061e+01
  +2.81407035175879407518e+01
  +2.85427135678391969975e+01
  +2.89447236180904532432e+01
  +2.93467336683417094889e+01
  +2.97487437185929657346e+01
  +3.01507537688442219803e+01
  +3.05527638190954782260e+01
  +3.09547738693467344717e+01
  +3.13567839195979907174e+01
  +3.17587939698492469631e+01
  +3.21608040201005067615e+01
  +3.25628140703517630072e+01
  +3.29648241206030192529e+01
  +3.33668341708542754986e+01
  +3.37688442211055317443e+01
  +3.41708542713567879900e+01
  +3.45728643216080442357e+01
  +3.49748743718593004814e+01
  +3.53768844221105567271e+01
  +3.57788944723618129728e+01
  +3.61809045226130692186e+01
  +3.65829145728643254643e+01
  +3.69849246231155817100e+01
  +3.73869346733668379557e+01
  +3.77889447236180942014e+01
  +3.81909547738693504471e+01
  +3.85929648241206066928e+01
  +3.89949748743718629385e+01
  +3.93969849246231191842e+01
  +3.97989949748743754299e+01
  +4.02010050251256316756e+01
  +4.06030150753768879213e+01
  +4.10050251256281441670e+01
  +4.14070351758794004127e+01
  +4.18090452261306566584e+01
  +4.22110552763819129041e+01
  +4.26130653266331691498e+01
  +4.30150753768844253955e+01
  +4.34170854271356816412e+01
  +4.38190954773869378869e+01
  +4.42211055276381941326e+01
  +4.46231155778894503783e+01
  +4.50251256281407066240e+01
  +4.54271356783919628697e+01
  +4.58291457286432191154e+01
  +4.62311557788944753611e+01
  +4.66331658291457316068e+01
  +4.70351758793969878525e+01
  +4.74371859296482440982e+01
  +4.78391959798995003439e+01
  +4.82412060301507565896e+01
  +4.86432160804020128353e+01
  +4.90452261306532690810e+01
  +4.94472361809045253267e+01
  +4.98492462311557815724e+01
  +5.02512562814070378181e+01
  +5.06532663316582940638e+01
  +5.10552763819095503095e+01
  +5.14572864321608065552e+01
  +5.18592964824120628009e+01
  +5.22613065326633190466e+01
  +5.26633165829145752923e+01
  +5.30653266331658315380e+01
  +5.34673366834170877837e+01
  +5.38693467336683440294e+01
  +5.42713567839196002751e+01
  +5.46733668341708565208e+01
  +5.50753768844221127665e+01
  +5.54773869346733690122e+01
  +5.58793969849246252579e+01
  +5.62814070351758815036e+01
  +5.66834170854271377493e+01
  +5.70854271356783939950e+01
  +5.74874371859296502407e+01
  +5.78894472361809064864e+01
  +5.82914572864321627321e+01
  +5.86934673366834189778e+01
  +5.90954773869346752235e+01
  +5.94974874371859314692e+01
  +5.98994974874371877149e+01
  +6.03015075376884439606e+01
  +6.07035175879397002063e+01
  +6.11055276381909564520e+01
  +6.15075376884422126977e+01
  +6.19095477386934689434e+01
  +6.23115577889447251891e+01
  +6.27135678391959814348e+01
  +6.31155778894472376805e+01
  +6.35175879396984939262e+01
  +6.39195979899497501719e+01
  +6.43216080402010135231e+01
  +6.47236180904522626633e+01
  +6.51256281407035260145e+01
  +6.55276381909547751548e+01
  +6.59296482412060385059e+01
  +6.63316582914572876462e+01
  +6.67336683417085509973e+01
  +6.71356783919598001376e+01
  +6.75376884422110634887e+01
  +6.79396984924623126290e+01
  +6.83417085427135759801e+01
  +6.87437185929648251204e+01
  +6.91457286432160884715e+01
  +6.95477386934673376118e+01
  +6.99497487437186009629e+01
  +7.03517587939698501032e+01
  +7.07537688442211134543e+01
  +7.11557788944723625946e+01
  +7.15577889447236259457e+01
  +7.19597989949748750860e+01
  +7.23618090452261384371e+01
  +7.27638190954773875774e+01
  +7.31658291457286509285e+01
  +7.35678391959799000688e+01
  +7.39698492462311634199e+01
  +7.43718592964824125602e+01
  +7.47738693467336759113e+01
  +7.51758793969849250516e+01
  +7.55778894472361884027e+01
  +7.59798994974874375430e+01
  +7.63819095477387008941e+01
  +7.67839195979899500344e+01
  +7.71859296482412133855e+01
  +7.75879396984924625258e+01
  +7.79899497487437258769e+01
  +7.83919597989949750172e+01
  +7.87939698492462383683e+01
  +7.91959798994974875086e+01
  +7.95979899497487508597e+01
  +8.00000000000000000000e+01
</indep>
<dep V1.It time>
  +0.00000000000000000000e+00
  +3.47350006430491298204e-03
  -5.87085172309446696320e-03
  -9.71709074091935826045e-03
  -4.45661904707105299001e-03
  +4.97748588866746884823e-03
  +9.75034546691753295500e-03
  +5.38675729574152831886e-03
  -4.02363417720007568446e-03
  -9.66431975723251041055e-03
  -6.25059294902081691997e-03
  +3.01925696491936630672e-03
  +9.46039276827856205621e-03
  +7.03817350573752824328e-03
  -1.97804585011144380344e-03
  -9.14105222256766762612e-03
  -7.73989075241412072953e-03
  +9.12703252331660075738e-04
  +8.71019396555853565867e-03
  +8.34718397859655035498e-03
  +1.63774013030253980496e-04
  -8.17307432059151406367e-03
  -8.85264441452792739951e-03
  -1.23825329141894120190e-03
  +7.53624596379240743738e-03
  +9.25010561585441759558e-03
  +2.29762630308071036378e-03
  -6.80747798328247989003e-03
  -9.53471869177815317675e-03
  -3.32896905952705015469e-03
  +5.99566109921924501880e-03
  +9.70301146009326480335e-03
  +4.31969953180058770237e-03
  -5.11069919998471781930e-03
  -9.75293080657823122093e-03
  -5.25773114692336222820e-03
  +4.16338851813250268585e-03
  +9.68386773227320959978e-03
  +6.13224023063967636771e-03
  -3.16587866187050372482e-03
  -9.49488550813910696380e-03
  -6.93120840936661559289e-03
  +2.12889727583802975536e-03
  +9.19445189871577819862e-03
  +7.64580901301784889024e-03
  -1.06527403768617791487e-03
  -8.77808741294501537755e-03
  -8.26627272677638025300e-03
  -9.87064477432787627852e-06
  +8.25577915362881234462e-03
  +8.78666531413946697016e-03
  +1.08540547056685133392e-03
  -7.63276078606340679239e-03
  -9.19986358930314183924e-03
  -2.14769872077676983457e-03
  +6.91662534695847586869e-03
  +9.50082667460570330642e-03
  +3.18379078100615052135e-03
  -6.11610944378839557073e-03
  -9.68588292332008167496e-03
  -4.18104168241734304445e-03
  +5.24097909682893093458e-03
  +9.75277471249485182481e-03
  +5.12728530502552098946e-03
  -4.30191059706113744510e-03
  -9.70068598517467677034e-03
  -6.01097780020760485281e-03
  +3.31036025906359179793e-03
  +9.53025220602272959969e-03
  +6.82133842170064719906e-03
  -2.27842465789700621831e-03
  -9.24512718745361047890e-03
  -7.54951415446808785092e-03
  +1.21811740542326928972e-03
  +8.84364240537277232490e-03
  +8.18276506415767032609e-03
  -1.43858261688017871052e-04
  -8.33774407169157912023e-03
  -8.71925218101169199891e-03
  -9.32221420587957044432e-04
  +7.72819858104885869243e-03
  +9.14814033600324164053e-03
  +1.99727345999433899063e-03
  -7.02482057044839878351e-03
  -9.46542474997758009891e-03
  -3.03806950038283847537e-03
  +6.23641546361611807947e-03
  +9.66523425844051896350e-03
  +4.04148923010050255961e-03
  -5.37035691146949770852e-03
  -9.75076952231937812976e-03
  -4.99577575428588379486e-03
  +4.43971441854056243781e-03
  +9.71567694314222005114e-03
  +5.88947378876420856580e-03
  -3.45274615936713453329e-03
  -9.56194230843072923154e-03
  -6.71055405356270166795e-03
  +2.42788552451557448908e-03
  +9.29166146122976585597e-03
  +7.45016514336336362762e-03
  -1.37132244786206548143e-03
  -8.90803063690933510932e-03
  -8.09888676603478033234e-03
  +2.98029706275311403584e-04
  +8.41572488495421697219e-03
  +8.64880473960224355201e-03
  +7.78898895820975649407e-04
  -7.82075016719923146735e-03
  -9.09321025282528241918e-03
  -1.84632519774046073048e-03
  +7.13036497174068285843e-03
  +9.42668171042517280545e-03
  +2.89122696360500416185e-03
  -6.35299176187409213312e-03
  -9.64515087465281535650e-03
  -3.90085674916987269409e-03
  +5.49811422493927219601e-03
  +9.74595249641398500562e-03
  +4.86289741630557392077e-03
  -4.57616157456286823391e-03
  -9.72785683037179389754e-03
  -5.76561239785604914138e-03
  +3.59838131782007656853e-03
  +9.59108463747125258858e-03
  +6.59798887972950359737e-03
  -2.57670203947948928125e-03
  -9.33730449170534770875e-03
  -7.34987215347831981255e-03
  +1.52358787736592109219e-03
  +8.96961242407242134722e-03
  +8.01208950025826191488e-03
  -4.51886464141277417132e-04
  -8.49249415206364786923e-03
  -8.57656209490049135924e-03
  -6.25327809422503047392e-04
  +7.91177035543035207799e-03
  +9.03640356478057488188e-03
  +1.69491329753556859740e-03
  -7.23452566591586444800e-03
  -9.38600400120761027556e-03
  -2.74382142300007769373e-03
  +6.46902223715456643760e-03
  +9.62109839839252363458e-03
  +3.75925586536831083870e-03
  -5.62459894921229965753e-03
  -9.73881868508048864630e-03
  -4.72882867167676978343e-03
  +4.71155747744341976690e-03
  +9.73772871403772583010e-03
  +5.64071138523141411836e-03
  -3.74103661557913984639e-03
  -9.61784178254488329729e-03
  -6.48377934873581914660e-03
  +2.72487638626298794842e-03
  +9.38062047016904529406e-03
  +7.24774742134112835018e-03
  -1.67547359681738438145e-03
  -9.02895879578131076160e-03
  -7.92329990367041103738e-03
  +6.05208300732195205764e-04
  +8.56740499474741880326e-03
  +8.50236954754254002642e-03
  +4.71540031489322598608e-04
  -8.00107100776245062923e-03
  -8.97755213079017358457e-03
  -1.54304714500321654702e-03
  +7.33712453394099253789e-03
  +9.34321164792653417741e-03
  +2.59572961106140824919e-03
  -6.58366764980782958466e-03
  -9.59488717793254008992e-03
  -3.61674506342296630049e-03
  +5.74989227161270839012e-03
  +9.72950836535801250049e-03
  +4.59380183810473470551e-03
  -4.84322161994560958925e-03
  -9.74328961637312834787e-03
  -5.51308923577622893297e-03
  +3.88112894880471336403e-03
  +9.63918832414970179479e-03
  +6.36638072000218074864e-03
  -2.87103048872068902786e-03
  -9.41859961052078642485e-03
  -7.14196929195720989214e-03
  +1.82590643836211003609e-03
  +9.08310720238708277363e-03
  +7.83042828082241779142e-03
  -7.58506953899557045430e-04
  -8.63680399236507398419e-03
  -8.42335872226250559347e-03
  -3.17977518748512619304e-04
  +8.08624238093346749123e-03
  +8.91459289686687486598e-03
  +1.39094323178448739040e-03
  -7.43586836762760196307e-03
  -9.29608321152600516890e-03
  -2.44688310364291972468e-03
  +6.69477930299239125389e-03
  +9.56416448986299565227e-03
</dep>
<dep V2.It time>
  +0.00000000000000000000e+00
  +2.19965947650210911363e-03
  -1.75864041410465597737e-02
  -2.09038500733996421288e-02
  -4.63115465108331243738e-03
  +1.59778357698237664930e-02
  +2.16207518117419172921e-02
  +7.00312092098034737198e-03
  -1.41756724095821132897e-02
  -2.20734085006078668834e-02
  -9.29077096998114602966e-03
  +1.21963045221438106530e-02
  +2.22567743627506350879e-02
  +1.14650767901669156656e-02
  -1.00681458901044802723e-02
  -2.21686151884555072977e-02
  -1.34995125940389169850e-02
  +7.81715932104515981438e-03
  +2.18100064895021782119e-02
  +1.53692589604736019188e-02
  -5.47080608129481629764e-03
  -2.11853231692485204085e-02
  -1.70515056230913300550e-02
  +3.05771087821459126854e-03
  +2.03021861508730569468e-02
  +1.85257297479912534655e-02
  -6.07312648011683526607e-04
  -1.91713694038652890383e-02
  -1.97739463049140667961e-02
  -1.85049458882479193021e-03
  +1.78066685058521217977e-02
  +2.07809274786874553786e-02
  +4.28572642446069327488e-03
  -1.62247323411257651782e-02
  -2.15343884433417155633e-02
  -6.66867386323777549401e-03
  +1.44448599899444900946e-02
  +2.20251372327490355096e-02
  +8.97025427291071354718e-03
  -1.24909588398651565100e-02
  -2.22439511342035593777e-02
  -1.11625948414479734400e-02
  +1.03817297250320197954e-02
  +2.21994880261793571530e-02
  +1.32187499565447862115e-02
  -8.14185566554678080697e-03
  -2.18770337700097752820e-02
  -1.51129409464295476340e-02
  +5.81032038701461903130e-03
  +2.12899459330081267106e-02
  +1.68232167387652245538e-02
  -3.40502965233608484441e-03
  -2.04431350463572178433e-02
  -1.83282550396487546596e-02
  +9.58198720263200701998e-04
  +1.93469249027468474800e-02
  +1.96096948964662488868e-02
  +1.50032190853647108900e-03
  -1.80146888910791350136e-02
  -2.06519031811508366192e-02
  -3.94053912309350658910e-03
  +1.64626798351289391209e-02
  +2.14421653090254467344e-02
  +6.33268310783193563024e-03
  -1.47098317146645823222e-02
  -2.19708403523562328941e-02
  -8.64757052413978738459e-03
  +1.27775286773645219141e-02
  +2.22314786564037740468e-02
  +1.08569605371164439045e-02
  -1.06893441595263313099e-02
  -2.22239585806202621932e-02
  -1.29344768152115183885e-02
  +8.46772394247187996930e-03
  +2.19383079249583431980e-02
  +1.48524140032176860809e-02
  -6.14731089937406438573e-03
  -2.13921550971929060048e-02
  -1.65915078009081645716e-02
  +3.75259575080330630772e-03
  +2.05809253040943364310e-02
  +1.81271750301076860212e-02
  -1.30975898359316812736e-03
  -1.95195918391594530616e-02
  -1.94416984396462641516e-02
  -1.14834530402726196774e-03
  +1.82219151199309800648e-02
  +2.05161644894089646718e-02
  +3.59402848121315263846e-03
  -1.66977035347977385837e-02
  -2.13455217038933942053e-02
  -5.99491670361881976575e-03
  +1.49722706771294317152e-02
  +2.19120752203367068212e-02
  +8.32254088497712263273e-03
  -1.30565922000905210859e-02
  -2.22111021058405064266e-02
  -1.05488979112937763388e-02
  +1.09964742309144186683e-02
  +2.22393506978660164541e-02
  +1.26463838231494866970e-02
  -8.79486386500468071692e-03
  -2.19962844021148011542e-02
  -1.45895881768605423928e-02
  +6.48595916738760845666e-03
  +2.14848709583659730482e-02
  +1.63548045437802123947e-02
  -4.09792798582073961727e-03
  -2.07113494357716171335e-02
  -1.79204978878235096640e-02
  +1.65990348411804546427e-03
  +1.96851565323917856998e-02
  +1.92675672856219004636e-02
  +7.98371272488306743011e-04
  -1.84188114507177133627e-02
  -2.03795789511588797127e-02
  -3.24690617255730300597e-03
  +1.69277631677219805861e-02
  +2.12429667223897715445e-02
  +5.65582992760379002495e-03
  -1.52302019625892501309e-02
  -2.18471975636991833092e-02
  -7.99575449157695003488e-03
  +1.33468375015497030950e-02
  +2.21849000654506037233e-02
  +1.02381335849407503064e-02
  -1.13006461869973196671e-02
  -2.22519543726183120780e-02
  -1.23556109495481774435e-02
  +9.11659085325761293916e-03
  +2.20475424455853774575e-02
  +1.43223540855898796159e-02
  -6.82131622855246082249e-03
  -2.15741580399736385121e-02
  -1.61143693993668381259e-02
  +4.44282387842540819195e-03
  +2.08375762836224345809e-02
  +1.77097949168543607190e-02
  -2.01013059623737994422e-03
  -1.98467832220892703710e-02
  -1.90891669923007774312e-02
  -4.47085591845570063264e-04
  +1.86138661919315988313e-02
  +2.02356577580468932620e-02
  +2.89884748859457926085e-03
  -1.71538663593229188942e-02
  -2.11352804187883124010e-02
  -5.31524443726933033816e-03
  +1.54845952229652472631e-02
  +2.17770598857058711451e-02
  +7.66679722138561073330e-03
  -1.36264173198974349738e-02
  -2.21531666687796308102e-02
  -9.92481770106322207237e-03
  +1.16020017851238728401e-02
  +2.22590123938716522023e-02
  +1.20617587986175996834e-02
  -9.43604579591602633803e-03
  -2.20933057792847553635e-02
  -1.40514962079051394100e-02
  +7.15237532246691416066e-03
  +2.16586082252362525924e-02
  +1.58700598777516202476e-02
  -4.78700424153664840649e-03
  -2.09591680682910501410e-02
  -1.74948798971590359363e-02
  +2.36020051297911167762e-03
  +2.00040307471084748137e-02
  +1.89062683641680467916e-02
  +9.53968549097877977286e-05
  -1.88048510913293304148e-02
  -2.00870068223039134614e-02
  -2.54983041363500547924e-03
  +1.73762586825465213669e-02
  +2.10226906659564290181e-02
  +4.97290414050546424746e-03
  -1.57272475797102899431e-02
  -2.16983707751644307182e-02
  -7.33640738627571158820e-03
  +1.38970539922263734700e-02
  +2.21105853234234706051e-02
  +9.60891240924639962462e-03
  -1.18952622579827256566e-02
  -2.22548750050408326862e-02
  -1.17640998297030667519e-02
  +9.74835239168120315512e-03
  +2.21276628217380103014e-02
  +1.37757692551511660289e-02
  -7.48251595982912364596e-03
  -2.17305007186366291871e-02
  -1.56193790062316428813e-02
  +5.12699051948543003954e-03
  +2.10707626698709953039e-02
  +1.72736539360600696580e-02
  -2.70698246637651740443e-03
  -2.01514718667539539931e-02
  -1.87162324197067651832e-02
  +2.54073223272282720190e-04
  +1.89863399977825073051e-02
  +1.99304792680209674760e-02
</dep>
<dep V3.It time>
  +0.00000000000000000000e+00
  -3.92818272002108670460e-02
  -4.67384011258150169899e-02
  -1.04062234537911236371e-02
  +3.56742943242559298889e-02
  +4.83327824961884908173e-02
  +1.57076708304606932343e-02
  -3.16336373566562870097e-02
  -4.93377056151016041285e-02
  -2.08177307799285726819e-02
  +2.72061847571146951663e-02
  +4.97408757558882030914e-02
  +2.56737972603259811955e-02
  -2.24468260067929616108e-02
  -4.95372242215340666260e-02
  -3.02166521934024989715e-02
  +1.74136236549560716180e-02
  +4.87292354911166639142e-02
  +3.43908743024161286939e-02
  -1.21679810491825725338e-02
  -4.73267667508499370599e-02
  -3.81455395050202816787e-02
  +6.77389323550578372618e-03
  +4.53469276397936230105e-02
  +4.14348421697003296837e-02
  -1.29716624071253778042e-03
  -4.28138715180927525994e-02
  -4.42186539286871516108e-02
  -4.19538573866232687715e-03
  +3.97585008042132329042e-02
  +4.64630132304912138452e-02
  +9.63675544662346422742e-03
  -3.62180899761157734651e-02
  -4.81405396590816048175e-02
  -1.49605600335039230775e-02
  +3.22358308352028721799e-02
  +4.92307679656674088142e-02
  +2.01018509037532260020e-02
  -2.78606868198513386858e-02
  -4.97204410685344669329e-02
  -2.49988424620398372311e-02
  +2.31452096007495194963e-02
  +4.96035261657800374824e-02
  +2.95887209898679816311e-02
  -1.81474850308766359752e-02
  -4.88811042937607465042e-02
  -3.38191566459841233550e-02
  +1.29277860586158276079e-02
  +4.75628773452084485651e-02
  +3.76367458377519226165e-02
  -7.55090705216002102546e-03
  -4.56641844999164936425e-02
  -4.09951070358919034131e-02
  +2.08190956168828296760e-03
  +4.32084042187820677183e-02
  +4.38533419466132709519e-02
  +3.41248651348518769466e-03
  -4.02254961814432418499e-02
  -4.61765810814256730255e-02
  -8.86525142009279495947e-03
  +3.67518508459654183462e-02
  +4.79364817172802798462e-02
  +1.42098632909071487251e-02
  -3.28298454975623835161e-02
  -4.91115736682446596406e-02
  -1.93811196886643083426e-02
  +2.85073272604154312471e-02
  +4.96875212143478225957e-02
  +2.43159330537230586322e-02
  -2.38370293788851758676e-02
  -4.96572979924720936395e-02
  -2.89535615646958517655e-02
  +1.88766232852471266268e-02
  +4.90210444186702370972e-02
  +3.32390754403076998935e-02
  -1.36841706350350408861e-02
  -4.77869869037739550266e-02
  -3.71181659263295493645e-02
  +8.32647355238356340346e-03
  +4.59702738197842741830e-02
  +4.05449424401285035691e-02
  -2.86657299933334476505e-03
  -4.35924225327582598455e-02
  -4.34769319068330564737e-02
  -2.62830322790998278937e-03
  +4.06830366471391466354e-02
  +4.58783984032596556246e-02
  +8.09216948883746504950e-03
  -3.72766835357093845316e-02
  -4.77204201910819414412e-02
  -1.34553345220837766022e-02
  +3.34159304378855992468e-02
  +4.89801171841793697714e-02
  +1.86552821524061836211e-02
  -2.91478499074054805962e-02
  -4.96421869979637442327e-02
  -2.36277027838208385224e-02
  +2.45233600930359757486e-02
  +4.96987983241501465881e-02
  +2.83118890201052540723e-02
  -1.96001689874098425359e-02
  -4.91490087499120431591e-02
  -3.26505937781674665521e-02
  +1.44378625224213397865e-02
  +4.79996180756288165492e-02
  +3.65909724570690625400e-02
  -9.09941907168789615445e-03
  -4.62646484744628147534e-02
  -4.00849537844761225069e-02
  +3.64996581998658538304e-03
  +4.39652659823054417498e-02
  +4.30899123829324437462e-02
  +1.84401576667596366413e-03
  -4.11295222792216960683e-02
  -4.55691887850061608245e-02
  -7.31550099147521872001e-03
  +3.77920124686931604985e-02
  +4.74925366664995657340e-02
  +1.26977396058337559798e-02
  -3.39934530292445025168e-02
  -4.88364918408877649036e-02
  -1.79250701390603062180e-02
  +2.97801850869786818854e-02
  +4.95846585146655707832e-02
  +2.29337209460267130168e-02
  -2.52036090701590470564e-02
  -4.97279093102141259153e-02
  -2.76625881997979022886e-02
  +2.03195576410425751690e-02
  +4.92644966168236525528e-02
  +3.20539813367915690789e-02
  -1.51876145570979514260e-02
  -4.82000739108877362948e-02
  -3.60543268625553928186e-02
  +9.87038776909216798716e-03
  +4.65476267854520939227e-02
  +3.96148219294689546421e-02
  -4.43274562544544378784e-03
  -4.43273145303274204720e-02
  -4.26920297152313527045e-02
  -1.05897449896242049593e-03
  +4.15662241958411268761e-02
  +4.52484093372174031589e-02
  +6.53777549672749681842e-03
  -3.82980401399331538137e-02
  -4.72527738381352258035e-02
  -1.19368178690005405373e-02
  +3.45626330904355016926e-02
  +4.86806706565006477860e-02
  +1.71902351450353221840e-02
  -3.04055737360589065088e-02
  -4.95146799393947067980e-02
  -2.22339374306431344919e-02
  +2.58775767794063825400e-02
  +4.97446270587493105664e-02
  +2.70063932826155803091e-02
  -2.10338822349670703793e-02
  -4.93677067383592946270e-02
  -3.14493803713667904876e-02
  +1.59337872266407006017e-02
  +4.83882575212265658715e-02
  +3.55085391988570545085e-02
  -1.06391480143785792378e-02
  -4.68191028096474268216e-02
  -3.91346703397721790152e-02
  +5.21467521600260663917e-03
  +4.46784394726623956817e-02
  +4.22833842768164241965e-02
  +2.73414836499257050267e-04
  -4.19927144518775358195e-02
  -4.49162553844212122933e-02
  -5.75816932180901047689e-03
  +3.87946926745839221207e-02
  +4.70011635358044549404e-02
  +1.11726761101616934441e-02
  -3.51235859540300066062e-02
  -4.85128116129324368777e-02
  -1.64516386513842427508e-02
  +3.10225189425036851354e-02
  +4.94323519056721338849e-02
  +2.15296145621387997882e-02
  -2.65440208581537231969e-02
  -4.97488070135307033914e-02
  -2.63443929521770675573e-02
  +2.17418408234151885883e-02
  +4.94583436875941015454e-02
  +3.08377787563997064757e-02
  -1.66744177650196591378e-02
  -4.85645054811805754191e-02
  -3.49549542052070907894e-02
  +1.14035725120568906532e-02
  +4.70784207190098474838e-02
  +3.86455445587880752623e-02
  -5.99390984271611689665e-03
  -4.50177251827479918411e-02
  -4.18648474056649289032e-02
  +5.10821266711072668153e-04
  +4.24079061873512547232e-02
  +4.45734134297735146157e-02
  +4.97849915445721605961e-03
</dep>
<dep _net4.Vt time>
  +0.00000000000000000000e+00
  +4.23512016886150455264e+00
  +4.50239516228374192508e+00
  +5.51417494556461385002e-01
  -3.91617815759449827695e+00
  -4.71474247433710758060e+00
  -1.09610788423862604013e+00
  +3.54946011195665533933e+00
  +4.86957154042765516522e+00
  +1.62742613255076706835e+00
  -3.13943986670465680078e+00
  -4.96499349889327401542e+00
  -2.13889033855136156959e+00
  +2.69111952862224379501e+00
  +4.99984423447078185632e+00
  +2.62426081382125930830e+00
  -2.20996845252816065397e+00
  -4.97369858010321497233e+00
  -3.07761620454041029404e+00
  +1.70185651702022600062e+00
  +4.88687550383373459084e+00
  +3.49342572996493361259e+00
  -1.17298251396306718597e+00
  -4.74043421750263771486e+00
  -3.86661665607713533888e+00
  +6.29798525341442205772e-01
  +4.53616125472820641562e+00
  +4.19263618118638348164e+00
  -7.89312100681331813012e-02
  -4.27654867580152675544e+00
  -4.46750697857322887074e+00
  -4.72899038972664775837e-01
  +3.96476366541425262469e+00
  +4.68787571850425965891e+00
  +1.01896008145209404638e+00
  -3.60460989407511300797e+00
  -4.85105397770463220297e+00
  -1.55259015937060018686e+00
  +3.20048111463498319296e+00
  +4.95505103721418738161e+00
  +2.06727916825896329556e+00
  -2.75730756001628707352e+00
  -4.99859816846728399753e+00
  -2.55674807821253891049e+00
  +2.28049579603732022193e+00
  +4.98116411135556180767e+00
  +3.01502553589762234409e+00
  -1.77586276317100821842e+00
  -4.90296155541174805137e+00
  -3.43652071304433537335e+00
  +1.24956481185711365534e+00
  +4.76494454507926601394e+00
  +3.81609151262338563981e+00
  -7.08022597123053598622e-01
  -4.56879684068793512353e+00
  -4.14910730067560429291e+00
  +1.57842748823949441395e-01
  +4.31691137715786688034e+00
  +4.43150539846699587088e+00
  +3.94262727035871729520e-01
  -4.01236107101092454030e+00
  -4.65984064576233247834e+00
  -9.41558332445511458886e-01
  +3.65886133183375505951e+00
  +4.83132743062980463122e+00
  +1.47736724816881004330e+00
  -3.26072473557534836530e+00
  -4.94387367293459423223e+00
  -1.99515278866420264769e+00
  +2.82280841256028969255e+00
  +4.99610634700620437343e+00
  +2.48859814737937412588e+00
  -2.35045479218219144357e+00
  -4.98738823208147685762e+00
  -2.95168345968222789466e+00
  +1.84942642707807891611e+00
  +4.91782568618158943963e+00
  +3.37875924311647191089e+00
  -1.32583569199012285544e+00
  -4.78826734857969960046e+00
  -3.76461531916441716206e+00
  +7.86070214843484382783e-01
  +4.60029378669157651416e+00
  +4.10454437564324692289e+00
  -2.36714949866719981397e-01
  -4.35619821369843940317e+00
  -4.39439939430830683875e+00
  -3.15528156561907469069e-01
  +4.05895851210804359255e+00
  +4.63064424303595956189e+00
  +8.63921927358503594085e-01
  -3.71220090464478014169e+00
  -4.81039681547200625999e+00
  -1.40177614608055978174e+00
  +3.32015571555834121398e+00
  +4.93146419168805927313e+00
  +1.92252917516261634390e+00
  -2.88760576206859242987e+00
  -4.99236939110165334199e+00
  -2.41982800570724743139e+00
  +2.41982800572426537400e+00
  +4.99236939110172261991e+00
  +2.88760576206756613971e+00
  -1.92252917516377674900e+00
  -4.93146419169126826176e+00
  -3.32015571554380040098e+00
  +1.40177614608176659416e+00
  +4.81039681547234909686e+00
  +3.71220090464393770446e+00
  -8.63921927377658271929e-01
  -4.63064424304329502746e+00
  -4.05895851210730995717e+00
  +3.15528156563162132109e-01
  +4.39439939430890724736e+00
  +4.35619821368889326152e+00
  +2.36714949847294686691e-01
  -4.10454437564396457105e+00
  -4.60029378669108446331e+00
  -7.86070214833260894061e-01
  +3.76461531917122993462e+00
  +4.78826734857671887369e+00
  +1.32583569199767992153e+00
  -3.37875924311739916917e+00
  -4.91782568618136206595e+00
  -1.84942642707691096149e+00
  +2.95168345969058343314e+00
  +4.98738823208203374548e+00
  +2.35045479218108166464e+00
  -2.48859814738046480898e+00
  -4.99610634700661204732e+00
  -2.82280841255174497206e+00
  +1.99515278865701572997e+00
  +4.94387367293478252606e+00
  +3.26072473557439490577e+00
  -1.47736724817870013204e+00
  -4.83132743063247094284e+00
  -3.65886133183909656452e+00
  +9.41558332446746248934e-01
  +4.65984064576278811387e+00
  +4.01236107100474814757e+00
  -3.94262727046191696623e-01
  -4.43150539846336588568e+00
  -4.31691137715723183277e+00
  -1.57842748822692863220e-01
  +4.14910730068138100535e+00
  +4.56879684069111924316e+00
  +7.08022597130812392230e-01
  -3.81609151262419832307e+00
  -4.76494454507888498540e+00
  -1.24956481184709011778e+00
  +3.43652071303864214968e+00
  +4.90296155541328460004e+00
  +1.77586276316983315837e+00
  -3.01502553589862509753e+00
  -4.98116411135466385929e+00
  -2.28049579604429508706e+00
  +2.55674807820580340945e+00
  +4.99859816846731330742e+00
  +2.75730756001523857890e+00
  -2.06727916826424840124e+00
  -4.95505103721496453772e+00
  -3.20048111464100459855e+00
  +1.55259015938476330199e+00
  +4.85105397770053059503e+00
  +3.60460989407109000382e+00
  -1.01896008143996863460e+00
  -4.68787571850785944605e+00
  -3.96476366541625768747e+00
  +4.72899038992024678407e-01
  +4.46750697857583478623e+00
  +4.27654867578909492210e+00
  +7.89312100577823361203e-02
  -4.19263618118459024942e+00
  -4.53616125473532871837e+00
  -6.29798525335683700987e-01
  +3.86661665606928295347e+00
  +4.74043421749934523746e+00
  +1.17298251396626551646e+00
  -3.49342572997884648345e+00
  -4.88687550383298763279e+00
  -1.70185651699766404832e+00
  +3.07761620454856910101e+00
  +4.97369858010378429469e+00
  +2.20996845254538865078e+00
  -2.62426081382426445998e+00
  -4.99984423447068415669e+00
  -2.69111952861351921840e+00
  +2.13889033854633225928e+00
  +4.96499349889530261493e+00
  +3.13943986670279340245e+00
  -1.62742613257345514199e+00
  -4.86957154042974593722e+00
  -3.54946011196057398251e+00
  +1.09610788421877747290e+00
  +4.71474247433771509463e+00
  +3.91617815760255183477e+00
  -5.51417494565055399391e-01
  -4.50239516228119818209e+00
  -4.23512016885305531133e+00
  +1.25720750318622199208e-12
</dep>
<dep _net5.Vt time>
  +0.00000000000000000000e+00
  +3.06937448840417737017e-01
  -1.71444950297759746149e-01
  -4.89204850822650971764e-01
  -3.48748725168905426841e-01
  +1.18535775281741528886e-01
  +4.74659198807443338808e-01
  +3.86096376291026555094e-01
  -6.41990210825049700816e-02
  -4.54346945442090088818e-01
  -4.18821390993187492313e-01
  +9.09407669554607167584e-03
  +4.28489387481236772004e-01
  +4.46436927942947647807e-01
  +4.61218123173754435129e-02
  -3.97404405518990699875e-01
  -4.68606087032553464411e-01
  -1.00775030991548497639e-01
  +3.61471225701202492075e-01
  +4.85058412101968761121e-01
  +1.54198828748740801586e-01
  -3.21128220537094666298e-01
  -4.95593190412488837637e-01
  -2.05741453523275552584e-01
  +2.76867560892897657254e-01
  +5.00081901270188478037e-01
  +2.54774102918931433237e-01
  -2.29229211682331346367e-01
  -4.98469783934365862077e-01
  -3.00698595380203492766e-01
  +1.78794344475892152957e-01
  +4.90776505689681619149e-01
  +3.42954667802675139399e-01
  -1.26178247403900378742e-01
  -4.77095921898298191977e-01
  -3.81026810554825789978e-01
  +7.20228188621083731391e-02
  +4.57594931004722482726e-01
  +4.14412432649849282740e-01
  -1.69930696392590618871e-02
  -4.32605077945020344288e-01
  -4.42786599941335179409e-01
  -3.82455518892799162245e-02
  +4.02124020774259349764e-01
  +4.65747292949656666039e-01
  +9.30536819794873792944e-02
  -3.66890128700790185690e-01
  -4.83084157309425554772e-01
  -1.46673820890903527925e-01
  +3.27153870730856777271e-01
  +4.94474106641111577076e-01
  +1.98526095087616205603e-01
  -2.83419190965804368432e-01
  -4.99831640954225275841e-01
  -2.47956418809728518227e-01
  +2.36226893985723052083e-01
  +4.99091400172468224739e-01
  +2.94361759013543000663e-01
  -1.86152709675571514936e-01
  -4.92262414973407724794e-01
  -3.37175986414382844458e-01
  +1.33807525965695894854e-01
  +4.79427996645203302606e-01
  +3.75876782077516846670e-01
  -7.98299361946614993713e-02
  -4.60744720697620735450e-01
  -4.09992009533805212840e-01
  +2.48784485001882771371e-02
  +4.36440516708103354304e-01
  +4.39105474671772189055e-01
  +3.03765477589950094739e-02
  -4.06758009090211203329e-01
  -4.62792463657478725381e-01
  -8.52837902144534254489e-02
  +3.72224084348542039180e-01
  +4.81009363574574910771e-01
  +1.39126995804193853701e-01
  -3.33057349516483025553e-01
  -4.93188336751766542854e-01
  -1.91239966601272293190e-01
  +2.89878924848432806272e-01
  +4.99412914910149885461e-01
  +2.41051533415750363076e-01
  -2.43148815040059140813e-01
  -4.99545272657718253395e-01
  -2.87894548984525044943e-01
  +1.93440446017659084532e-01
  +4.93688792321839042820e-01
  +3.31290158537105305925e-01
  -1.41397776072234471201e-01
  -4.81611524849874128584e-01
  -3.70607860856220217016e-01
  +8.76149029459307726597e-02
  +4.63752069160058510988e-01
  +4.05370724817793348649e-01
  -3.27545081083151501389e-02
  -4.40241103219467522223e-01
  -4.35269752764994688476e-01
  -2.24895586866384888935e-02
  +4.11360896303277989716e-01
  +4.59811106983281092653e-01
  +7.74685161105184150188e-02
  -3.77453615749180571015e-01
  -4.78742922921642666267e-01
  -1.31502384128386218265e-01
  +3.38941530163106019558e-01
  +4.91834238912976950964e-01
  +1.83931968026067593769e-01
  -2.96294473803674129897e-01
  -4.98925345378999740564e-01
  -2.34117644812751102279e-01
  +2.50032726185934528473e-01
  +4.99929733230758510665e-01
  +2.81447166386737279709e-01
  -2.00720664811722571130e-01
  -4.94835149300227206126e-01
  -3.25343128774648437940e-01
  +1.48959879958872498662e-01
  +4.83703745750114655344e-01
  +3.65270016246779682945e-01
  -9.53818355120574778994e-02
  -4.66671321908350700269e-01
  -4.00740734419530841848e-01
  +4.06401652851950956347e-02
  +4.43945667525760256922e-01
  +4.31322552674678671991e-01
  +1.45973010606210706896e-02
  -4.15804027798708730757e-01
  -4.56642383276207208809e-01
  -6.96566853242464034679e-02
  +3.82589721127411852564e-01
  +4.76391332947220691452e-01
  +1.23866281846009229639e-01
  -3.44707950681144570382e-01
  -4.90328471269483312511e-01
  -1.76564752087261744862e-01
  +3.02620861107798955203e-01
  +4.98283769902201856272e-01
  +2.27109192730045705844e-01
  -2.56841900518387511454e-01
  -5.00160176942433754022e-01
  -2.74882978879253059290e-01
  +2.07929556564508288830e-01
  +4.95934800850056811683e-01
  +3.19303286688065846022e-01
  -1.56480543122403226164e-01
  -4.85659189769241605994e-01
  -3.59828203580648153803e-01
  +1.03122520571179876470e-01
  +4.69458702656442072865e-01
  +3.95963339432751304514e-01
  -4.85064385261857466958e-02
  -4.47530979894480207548e-01
  -4.27267857957986940676e-01
  -6.70140547973296918371e-03
  +4.20143532217263082629e-01
  +4.53359854709096232739e-01
  +6.18274946313839279810e-02
  -3.87630477121440275567e-01
  -4.73900445600178299443e-01
  -1.16225285092308006085e-01
  +3.50372805244700824545e-01
  +4.88675357946905419837e-01
  +1.69143696735788218177e-01
  -3.08857139906127731166e-01
  -4.97492559839707970681e-01
  -2.20031771241619544810e-01
  +2.63574762265384343607e-01
  +5.00240522641950402516e-01
  +2.68235533388081037742e-01
  -2.15076862653026168459e-01
  -4.96885722123118656057e-01
  -3.13166913726198092860e-01
  +1.63955098845116609141e-01
  +4.87469085680485747503e-01
  +3.54258060666282403872e-01
  -1.10846943793898589092e-01
  -4.72181351172158647600e-01
  -3.91173835728477747864e-01
  +5.63596867342255336553e-02
  +4.51104939216215861109e-01
  +4.23214118733196809075e-01
  -1.18212124928618322883e-03
  -4.24470842672318049438e-01
  -4.50076731482745628909e-01
  -5.40098657112739743980e-02
  +3.92658347026451526318e-01
  +4.71448562044366248358e-01
  +1.08542950777245295058e-01
  -3.56055553817915537707e-01
  -4.87068881367766159940e-01
  -1.61729468528760911283e-01
  +3.15094343918233654733e-01
  +4.96716899947165835272e-01
  +2.12969956062916132566e-01
  -2.70306582963940833508e-01
  -5.00335367893948168572e-01
  -2.61604543546072321192e-01
  +2.22221174124296538821e-01
  +4.97849915446978819045e-01
</dep>
<dep _net2.Vt time>
  +0.00000000000000000000e+00
  +4.23512016886150455264e+00
  +4.50239516228374192508e+00
  +5.51417494556461385002e-01
  -3.91617815759449827695e+00
  -4.71474247433710758060e+00
  -1.09610788423862604013e+00
  +3.54946011195665533933e+00
  +4.86957154042765516522e+00
  +1.62742613255076706835e+00
  -3.13943986670465680078e+00
  -4.96499349889327401542e+00
  -2.13889033855136156959e+00
  +2.69111952862224379501e+00
  +4.99984423447078185632e+00
  +2.62426081382125930830e+00
  -2.20996845252816065397e+00
  -4.97369858010321497233e+00
  -3.07761620454041029404e+00
  +1.70185651702022600062e+00
  +4.88687550383373459084e+00
  +3.49342572996493361259e+00
  -1.17298251396306718597e+00
  -4.74043421750263771486e+00
  -3.86661665607713533888e+00
  +6.29798525341442205772e-01
  +4.53616125472820641562e+00
  +4.19263618118638348164e+00
  -7.89312100681331813012e-02
  -4.27654867580152675544e+00
  -4.46750697857322887074e+00
  -4.72899038972664775837e-01
  +3.96476366541425262469e+00
  +4.68787571850425965891e+00
  +1.01896008145209404638e+00
  -3.60460989407511300797e+00
  -4.85105397770463220297e+00
  -1.55259015937060018686e+00
  +3.20048111463498319296e+00
  +4.95505103721418738161e+00
  +2.06727916825896329556e+00
  -2.75730756001628707352e+00
  -4.99859816846728399753e+00
  -2.55674807821253891049e+00
  +2.28049579603732022193e+00
  +4.98116411135556180767e+00
  +3.01502553589762234409e+00
  -1.77586276317100821842e+00
  -4.90296155541174805137e+00
  -3.43652071304433537335e+00
  +1.24956481185711365534e+00
  +4.76494454507926601394e+00
  +3.81609151262338563981e+00
  -7.08022597123053598622e-01
  -4.56879684068793512353e+00
  -4.14910730067560429291e+00
  +1.57842748823949441395e-01
  +4.31691137715786688034e+00
  +4.43150539846699587088e+00
  +3.94262727035871729520e-01
  -4.01236107101092454030e+00
  -4.65984064576233247834e+00
  -9.41558332445511458886e-01
  +3.65886133183375505951e+00
  +4.83132743062980463122e+00
  +1.47736724816881004330e+00
  -3.26072473557534836530e+00
  -4.94387367293459423223e+00
  -1.99515278866420264769e+00
  +2.82280841256028969255e+00
  +4.99610634700620437343e+00
  +2.48859814737937412588e+00
  -2.35045479218219144357e+00
  -4.98738823208147685762e+00
  -2.95168345968222789466e+00
  +1.84942642707807891611e+00
  +4.91782568618158943963e+00
  +3.37875924311647191089e+00
  -1.32583569199012285544e+00
  -4.78826734857969960046e+00
  -3.76461531916441716206e+00
  +7.86070214843484382783e-01
  +4.60029378669157651416e+00
  +4.10454437564324692289e+00
  -2.36714949866719981397e-01
  -4.35619821369843940317e+00
  -4.39439939430830683875e+00
  -3.15528156561907469069e-01
  +4.05895851210804359255e+00
  +4.63064424303595956189e+00
  +8.63921927358503594085e-01
  -3.71220090464478014169e+00
  -4.81039681547200625999e+00
  -1.40177614608055978174e+00
  +3.32015571555834121398e+00
  +4.93146419168805927313e+00
  +1.92252917516261634390e+00
  -2.88760576206859242987e+00
  -4.99236939110165334199e+00
  -2.41982800570724743139e+00
  +2.41982800572426537400e+00
  +4.99236939110172261991e+00
  +2.88760576206756613971e+00
  -1.92252917516377674900e+00
  -4.93146419169126826176e+00
  -3.32015571554380040098e+00
  +1.40177614608176659416e+00
  +4.81039681547234909686e+00
  +3.71220090464393770446e+00
  -8.63921927377658271929e-01
  -4.63064424304329502746e+00
  -4.05895851210730995717e+00
  +3.15528156563162132109e-01
  +4.39439939430890724736e+00
  +4.35619821368889326152e+00
  +2.36714949847294686691e-01
  -4.10454437564396457105e+00
  -4.60029378669108446331e+00
  -7.86070214833260894061e-01
  +3.76461531917122993462e+00
  +4.78826734857671887369e+00
  +1.32583569199767992153e+00
  -3.37875924311739916917e+00
  -4.91782568618136206595e+00
  -1.84942642707691096149e+00
  +2.95168345969058343314e+00
  +4.98738823208203374548e+00
  +2.35045479218108166464e+00
  -2.48859814738046480898e+00
  -4.99610634700661204732e+00
  -2.82280841255174497206e+00
  +1.99515278865701572997e+00
  +4.94387367293478252606e+00
  +3.26072473557439490577e+00
  -1.47736724817870013204e+00
  -4.83132743063247094284e+00
  -3.65886133183909656452e+00
  +9.41558332446746248934e-01
  +4.65984064576278811387e+00
  +4.01236107100474814757e+00
  -3.94262727046191696623e-01
  -4.43150539846336588568e+00
  -4.31691137715723183277e+00
  -1.57842748822692863220e-01
  +4.14910730068138100535e+00
  +4.56879684069111924316e+00
  +7.08022597130812392230e-01
  -3.81609151262419832307e+00
  -4.76494454507888498540e+00
  -1.24956481184709011778e+00
  +3.43652071303864214968e+00
  +4.90296155541328460004e+00
  +1.77586276316983315837e+00
  -3.01502553589862509753e+00
  -4.98116411135466385929e+00
  -2.28049579604429508706e+00
  +2.55674807820580340945e+00
  +4.99859816846731330742e+00
  +2.75730756001523857890e+00
  -2.06727916826424840124e+00
  -4.95505103721496453772e+00
  -3.20048111464100459855e+00
  +1.55259015938476330199e+00
  +4.85105397770053059503e+00
  +3.60460989407109000382e+00
  -1.01896008143996863460e+00
  -4.68787571850785944605e+00
  -3.96476366541625768747e+00
  +4.72899038992024678407e-01
  +4.46750697857583478623e+00
  +4.27654867578909492210e+00
  +7.89312100577823361203e-02
  -4.19263618118459024942e+00
  -4.53616125473532871837e+00
  -6.29798525335683700987e-01
  +3.86661665606928295347e+00
  +4.74043421749934523746e+00
  +1.17298251396626551646e+00
  -3.49342572997884648345e+00
  -4.88687550383298763279e+00
  -1.70185651699766404832e+00
  +3.07761620454856910101e+00
  +4.97369858010378429469e+00
  +2.20996845254538865078e+00
  -2.62426081382426445998e+00
  -4.99984423447068415669e+00
  -2.69111952861351921840e+00
  +2.13889033854633225928e+00
  +4.96499349889530261493e+00
  +3.13943986670279340245e+00
  -1.62742613257345514199e+00
  -4.86957154042974593722e+00
  -3.54946011196057398251e+00
  +1.09610788421877747290e+00
  +4.71474247433771509463e+00
  +3.91617815760255183477e+00
  -5.51417494565055399391e-01
  -4.50239516228119818209e+00
  -4.23512016885305531133e+00
  +1.25720750318622199208e-12
</dep>
<dep _net3.Vt time>
  +0.00000000000000000000e+00
  +4.45508611651171548829e+00
  +2.74375474817908582281e+00
  -1.53896751278350274461e+00
  -4.37929362270282940273e+00
  -3.11695889735473086191e+00
  +1.06596729693556580010e+00
  +4.24977220405468969489e+00
  +3.45200429946944353787e+00
  -5.79914717510019439572e-01
  -4.06851696370277160497e+00
  -3.74536304667889297093e+00
  +8.67870977237017449113e-02
  +3.83762720763893527831e+00
  +3.99302964546033400950e+00
  +4.07399294975708592403e-01
  -3.55991971193205225532e+00
  -4.19198264799869946273e+00
  -8.96615555590192681024e-01
  +3.23878241306758596352e+00
  +4.33979489570425336353e+00
  +1.37489341304008139133e+00
  -2.87813307627220016371e+00
  -4.43466312968117826188e+00
  -1.83639804098982972747e+00
  +2.48237150014056773273e+00
  +4.47542998992703822125e+00
  +2.27549924079985466108e+00
  -2.05632584055953993030e+00
  -4.46159813468400567871e+00
  -2.68684012798801674649e+00
  +1.60519370889608059549e+00
  +4.39333630786032180993e+00
  +3.06540248439168294681e+00
  -1.13447876288207738504e+00
  -4.27147728039889074125e+00
  -3.40656797871018302004e+00
  +6.49923563904303502881e-01
  +4.09750654192605434645e+00
  +3.70595515322767177224e+00
  -1.57115945161392822627e-01
  -3.87356704416108410527e+00
  -3.96042519596408215676e+00
  -3.36799275594603209072e-01
  +3.60237079169179885696e+00
  +4.16697854480088381024e+00
  +8.27322158896644843651e-01
  -3.28715685781396294018e+00
  -4.32192951671028602334e+00
  -1.30752611974352284108e+00
  +2.93188648573363597194e+00
  +4.42444157984565755726e+00
  +1.77177800798766371670e+00
  -2.54084810108792913397e+00
  -4.47297696866161498264e+00
  -2.21441481040091936450e+00
  +2.11881223847057453824e+00
  +4.46694356801151393199e+00
  +2.63003650935908250830e+00
  -1.67092759107921162709e+00
  -4.40641498332027481410e+00
  -3.01357266224943831645e+00
  +1.20265819845703325619e+00
  +4.29212964261694907009e+00
  +3.36034425916334633655e+00
  -7.19716787066813079576e-01
  -4.12548178798932685396e+00
  -3.66612080519814220736e+00
  +2.27995076976174937400e-01
  +3.90850446627193415239e+00
  +3.92717193105357154082e+00
  +2.66202289317347684516e-01
  -3.64390247370334297017e+00
  -4.14061583783428854844e+00
  -7.57852667186393436083e-01
  +3.33466782739984779482e+00
  +4.30309459624418266799e+00
  +1.23954373339718149083e+00
  -2.98498647208093936811e+00
  -4.41300777349936890204e+00
  -1.70652278875498364386e+00
  +2.59878771785425310981e+00
  +4.46931788833225951407e+00
  +2.15258519172730178326e+00
  -2.18088479383134625778e+00
  -4.47103274410116569015e+00
  -2.57220788231520902656e+00
  +1.73608829237898909525e+00
  +4.41836136022935921375e+00
  +2.96087388955618546760e+00
  -1.27063024303083560440e+00
  -4.31169257500666169847e+00
  -3.31316974775906292194e+00
  +7.89431375953111080790e-01
  +4.15240980405605331072e+00
  +3.62580497167900706046e+00
  -2.98581035421434215493e-01
  -3.94249555319797018171e+00
  -3.89272196801021141965e+00
  -1.95892935920645605563e-01
  +3.68446638803921411309e+00
  +4.11288300460125455515e+00
  +6.87977321856085843876e-01
  -3.38148799284983070379e+00
  -4.28286827495250754794e+00
  -1.17166861970720326269e+00
  +3.03725660045978784751e+00
  +4.40060401689027536065e+00
  +1.64106596106677615765e+00
  -2.65597171616000915506e+00
  -4.46465389463149087135e+00
  -2.09044285886813163700e+00
  +2.24228488512535228949e+00
  +4.47423652155773776684e+00
  +2.51431706861712189749e+00
  -1.80124294526859340948e+00
  -4.42923499289969502257e+00
  -2.90751746991888637695e+00
  +1.33822645740571610773e+00
  +4.33019831193160875671e+00
  +3.26524715231779394387e+00
  -8.58884064372238187346e-01
  -4.17833469227509368693e+00
  -3.58314193602639186054e+00
  +3.69063579468149605134e-01
  +3.97549681818465838745e+00
  +3.85732361338230145265e+00
  +1.25259354919250665006e-01
  -3.72415924233528272680e+00
  -4.08444726168085026075e+00
  -6.18054167993207226317e-01
  +3.42738819721600362911e+00
  +4.26174205007953688096e+00
  +1.10330893157703124885e+00
  -3.08880418811538426382e+00
  -4.38704504278993034916e+00
  -1.57510370347685313419e+00
  +2.71253782413218225145e+00
  +4.45882758613905050282e+00
  +2.02768274879582133252e+00
  -2.30317942627626948138e+00
  -4.47621395764792318062e+00
  -2.45552475796407199127e+00
  +1.86572302698199665727e+00
  +4.43899204954083881347e+00
  +2.85341020475882745089e+00
  -1.40550544474801863970e+00
  -4.34761595635113096137e+00
  -3.21648502278236048113e+00
  +9.28141176723497052237e-01
  +4.20320043517720343118e+00
  +3.54031982342354112347e+00
  -4.39453903708129978156e-01
  -4.00750730600494708966e+00
  -3.82096393284227664466e+00
  -5.45945566571299778502e-02
  +3.76292395806756330146e+00
  +4.05499358887571048626e+00
  +5.47976982086763264590e-01
  -3.47242878905476226592e+00
  -4.23981350496827325003e+00
  -1.03462029211737949197e+00
  +3.13959614715992518796e+00
  +4.37235355354686561213e+00
  +1.50869308724198480931e+00
  -2.76844807115587254742e+00
  -4.45185566720994785328e+00
  -1.96436059070541002569e+00
  +2.36352587540882908002e+00
  +4.47704666406681361934e+00
  +2.39606356665616182511e+00
  -1.92976947217260907941e+00
  -4.44761922254809061172e+00
  -2.79853538648067656780e+00
  +1.47247054125995924245e+00
  +4.36390707011982925678e+00
  +3.16770945952831617376e+00
  -9.96854563550177763531e-01
  -4.22706646860641743757e+00
  -3.49717010461035027191e+00
  +5.09202015344683012188e-01
  +4.03850744547320950062e+00
  +3.78417235430551190944e+00
  -1.55190479586946317170e-02
  -3.80067079679457098251e+00
  -4.02500899530256361913e+00
  -4.78353246439718216010e-01
  +3.51646726406144871646e+00
  +4.21674190291239003869e+00
  +9.66389794839130455983e-01
  -3.18936403319661954114e+00
  -4.35687248848120312061e+00
  -1.44238384497347427171e+00
  +2.82347327782478441094e+00
  +4.44404422770006313215e+00
  +1.90103097092715644933e+00
  -2.42304073653573182057e+00
  -4.47698783995396976110e+00
  -2.33648616907480466409e+00
  +1.99304792680335385313e+00
</dep>
<dep _net0.Vt time>
  +0.00000000000000000000e+00
  +4.23512016886150455264e+00
  +4.50239516228374192508e+00
  +5.51417494556461385002e-01
  -3.91617815759449827695e+00
  -4.71474247433710758060e+00
  -1.09610788423862604013e+00
  +3.54946011195665533933e+00
  +4.86957154042765516522e+00
  +1.62742613255076706835e+00
  -3.13943986670465680078e+00
  -4.96499349889327401542e+00
  -2.13889033855136156959e+00
  +2.69111952862224379501e+00
  +4.99984423447078185632e+00
  +2.62426081382125930830e+00
  -2.20996845252816065397e+00
  -4.97369858010321497233e+00
  -3.07761620454041029404e+00
  +1.70185651702022600062e+00
  +4.88687550383373459084e+00
  +3.49342572996493361259e+00
  -1.17298251396306718597e+00
  -4.74043421750263771486e+00
  -3.86661665607713533888e+00
  +6.29798525341442205772e-01
  +4.53616125472820641562e+00
  +4.19263618118638348164e+00
  -7.89312100681331813012e-02
  -4.27654867580152675544e+00
  -4.46750697857322887074e+00
  -4.72899038972664775837e-01
  +3.96476366541425262469e+00
  +4.68787571850425965891e+00
  +1.01896008145209404638e+00
  -3.60460989407511300797e+00
  -4.85105397770463220297e+00
  -1.55259015937060018686e+00
  +3.20048111463498319296e+00
  +4.95505103721418738161e+00
  +2.06727916825896329556e+00
  -2.75730756001628707352e+00
  -4.99859816846728399753e+00
  -2.55674807821253891049e+00
  +2.28049579603732022193e+00
  +4.98116411135556180767e+00
  +3.01502553589762234409e+00
  -1.77586276317100821842e+00
  -4.90296155541174805137e+00
  -3.43652071304433537335e+00
  +1.24956481185711365534e+00
  +4.76494454507926601394e+00
  +3.81609151262338563981e+00
  -7.08022597123053598622e-01
  -4.56879684068793512353e+00
  -4.14910730067560429291e+00
  +1.57842748823949441395e-01
  +4.31691137715786688034e+00
  +4.43150539846699587088e+00
  +3.94262727035871729520e-01
  -4.01236107101092454030e+00
  -4.65984064576233247834e+00
  -9.41558332445511458886e-01
  +3.65886133183375505951e+00
  +4.83132743062980463122e+00
  +1.47736724816881004330e+00
  -3.26072473557534836530e+00
  -4.94387367293459423223e+00
  -1.99515278866420264769e+00
  +2.82280841256028969255e+00
  +4.99610634700620437343e+00
  +2.48859814737937412588e+00
  -2.35045479218219144357e+00
  -4.98738823208147685762e+00
  -2.95168345968222789466e+00
  +1.84942642707807891611e+00
  +4.91782568618158943963e+00
  +3.37875924311647191089e+00
  -1.32583569199012285544e+00
  -4.78826734857969960046e+00
  -3.76461531916441716206e+00
  +7.86070214843484382783e-01
  +4.60029378669157651416e+00
  +4.10454437564324692289e+00
  -2.36714949866719981397e-01
  -4.35619821369843940317e+00
  -4.39439939430830683875e+00
  -3.15528156561907469069e-01
  +4.05895851210804359255e+00
  +4.63064424303595956189e+00
  +8.63921927358503594085e-01
  -3.71220090464478014169e+00
  -4.81039681547200625999e+00
  -1.40177614608055978174e+00
  +3.32015571555834121398e+00
  +4.93146419168805927313e+00
  +1.92252917516261634390e+00
  -2.88760576206859242987e+00
  -4.99236939110165334199e+00
  -2.41982800570724743139e+00
  +2.41982800572426537400e+00
  +4.99236939110172261991e+00
  +2.88760576206756613971e+00
  -1.92252917516377674900e+00
  -4.93146419169126826176e+00
  -3.32015571554380040098e+00
  +1.40177614608176659416e+00
  +4.81039681547234909686e+00
  +3.71220090464393770446e+00
  -8.63921927377658271929e-01
  -4.63064424304329502746e+00
  -4.05895851210730995717e+00
  +3.15528156563162132109e-01
  +4.39439939430890724736e+00
  +4.35619821368889326152e+00
  +2.36714949847294686691e-01
  -4.10454437564396457105e+00
  -4.60029378669108446331e+00
  -7.86070214833260894061e-01
  +3.76461531917122993462e+00
  +4.78826734857671887369e+00
  +1.32583569199767992153e+00
  -3.37875924311739916917e+00
  -4.91782568618136206595e+00
  -1.84942642707691096149e+00
  +2.95168345969058343314e+00
  +4.98738823208203374548e+00
  +2.35045479218108166464e+00
  -2.48859814738046480898e+00
  -4.99610634700661204732e+00
  -2.82280841255174497206e+00
  +1.99515278865701572997e+00
  +4.94387367293478252606e+00
  +3.26072473557439490577e+00
  -1.47736724817870013204e+00
  -4.83132743063247094284e+00
  -3.65886133183909656452e+00
  +9.41558332446746248934e-01
  +4.65984064576278811387e+00
  +4.01236107100474814757e+00
  -3.94262727046191696623e-01
  -4.43150539846336588568e+00
  -4.31691137715723183277e+00
  -1.57842748822692863220e-01
  +4.14910730068138100535e+00
  +4.56879684069111924316e+00
  +7.08022597130812392230e-01
  -3.81609151262419832307e+00
  -4.76494454507888498540e+00
  -1.24956481184709011778e+00
  +3.43652071303864214968e+00
  +4.90296155541328460004e+00
  +1.77586276316983315837e+00
  -3.01502553589862509753e+00
  -4.98116411135466385929e+00
  -2.28049579604429508706e+00
  +2.55674807820580340945e+00
  +4.99859816846731330742e+00
  +2.75730756001523857890e+00
  -2.06727916826424840124e+00
  -4.95505103721496453772e+00
  -3.20048111464100459855e+00
  +1.55259015938476330199e+00
  +4.85105397770053059503e+00
  +3.60460989407109000382e+00
  -1.01896008143996863460e+00
  -4.68787571850785944605e+00
  -3.96476366541625768747e+00
  +4.72899038992024678407e-01
  +4.46750697857583478623e+00
  +4.27654867578909492210e+00
  +7.89312100577823361203e-02
  -4.19263618118459024942e+00
  -4.53616125473532871837e+00
  -6.29798525335683700987e-01
  +3.86661665606928295347e+00
  +4.74043421749934523746e+00
  +1.17298251396626551646e+00
  -3.49342572997884648345e+00
  -4.88687550383298763279e+00
  -1.70185651699766404832e+00
  +3.07761620454856910101e+00
  +4.97369858010378429469e+00
  +2.20996845254538865078e+00
  -2.62426081382426445998e+00
  -4.99984423447068415669e+00
  -2.69111952861351921840e+00
  +2.13889033854633225928e+00
  +4.96499349889530261493e+00
  +3.13943986670279340245e+00
  -1.62742613257345514199e+00
  -4.86957154042974593722e+00
  -3.54946011196057398251e+00
  +1.09610788421877747290e+00
  +4.71474247433771509463e+00
  +3.91617815760255183477e+00
  -5.51417494565055399391e-01
  -4.50239516228119818209e+00
  -4.23512016885305531133e+00
  +1.25720750318622199208e-12
</dep>
<dep _net1.Vt time>
  +0.00000000000000000000e+00
  +4.58247017529199585084e+00
  +3.91530998997429513508e+00
  -4.20291579535474468798e-01
  -4.36184006230160381534e+00
  -4.21699388547036058128e+00
  -1.21073337546872772386e-01
  +4.08813584153080800121e+00
  +4.46720812270764788821e+00
  +6.60994156827516055053e-01
  -3.76449916160673847543e+00
  -4.66306780240133722515e+00
  -1.19285106172350552356e+00
  +3.39493687919599640423e+00
  +4.80203964945963779343e+00
  +1.71015559156449259426e+00
  -2.98395752776957268182e+00
  -4.88242825487004861174e+00
  -2.20659680798455681838e+00
  +2.53657491487988107082e+00
  +4.90325290513676037563e+00
  +2.67611829790578248378e+00
  -2.05824695541585978020e+00
  -4.86425954664453197296e+00
  -3.11299205969789483106e+00
  +1.55480908692688402084e+00
  +4.76592388503627706342e+00
  +3.51188838285813531570e+00
  -1.03240307924594842959e+00
  -4.60944558175423146906e+00
  -3.86794086865130459785e+00
  +4.97402107036661711437e-01
  +4.39673361859431111043e+00
  +4.17680579850578759249e+00
  +4.36670007942708826576e-02
  -4.13038300876744912671e+00
  -4.43471512589138150418e+00
  -5.84203386143279268516e-01
  +3.81370513769895058687e+00
  +4.63846317102713712188e+00
  +1.11779061744505270326e+00
  -3.45042840095294867098e+00
  -4.78570844088348135159e+00
  -1.63730288834096104900e+00
  +3.04507669733910502075e+00
  +4.87463670758694433971e+00
  +2.13721679460312063981e+00
  -2.60249003584864624372e+00
  -4.90394861988918062679e+00
  -2.61094279768145387521e+00
  +2.12823134327106044950e+00
  +4.87348509213595093570e+00
  +3.05281543401704480445e+00
  -1.62800895605336792826e+00
  -4.78356671276561229433e+00
  -3.45744476597975669563e+00
  +1.10792541628451979285e+00
  +4.63529045525848193421e+00
  +3.81989445408815608829e+00
  -5.74325565296136431037e-01
  -4.43046523925265844923e+00
  -4.13574273607943965203e+00
  +3.37191388039737027782e-02
  +4.17158986233630724172e+00
  +4.40113637092369103243e+00
  +5.07298649651342414835e-01
  -3.86182251559610900671e+00
  -4.61283764702823528836e+00
  -1.04212756806192974324e+00
  +3.50494225473035436735e+00
  +4.76826388121650346363e+00
  +1.56408542863401311962e+00
  -3.10540620762900010376e+00
  -4.86557649153914972828e+00
  -2.06731921914495053727e+00
  +2.66770293349384601811e+00
  +4.90343986001278775433e+00
  +2.54498483594731395030e+00
  -2.19776091009129181941e+00
  -4.88148949063849535435e+00
  -2.99179546105953120261e+00
  +1.70088424844380847745e+00
  +4.80002113269101027271e+00
  +3.40206231859840713128e+00
  -1.18325742486447804680e+00
  -4.66000516373672368786e+00
  -3.77075784794669477407e+00
  +6.50995269282144461975e-01
  +4.46310743511809349116e+00
  +4.09360855188900973900e+00
  -1.11155024873434205013e-01
  -4.21177848007336841363e+00
  -4.36642537361795035622e+00
  -4.30208451766337818256e-01
  +3.90910309443476222668e+00
  +4.58618957575134622573e+00
  +9.66334944319543476254e-01
  -3.55866116742486271463e+00
  -4.74958083865009594859e+00
  -1.49066185958427088742e+00
  +3.16484452006060168472e+00
  +4.85523714631551595033e+00
  +1.99680269837663271204e+00
  -2.73241785176725482387e+00
  -4.90166122106373691736e+00
  -2.47858322704837874539e+00
  +2.26665662004199086610e+00
  +4.88828670505444673466e+00
  +2.93012588792401462712e+00
  -1.77324295266018649997e+00
  -4.81527676281734073882e+00
  -3.34592201493324159500e+00
  +1.25819632760567934326e+00
  +4.68352209066940794457e+00
  +3.72089903750148387473e+00
  -7.27800137617986897531e-01
  -4.49463005056095177281e+00
  -4.05048236419715745882e+00
  +1.88525034808137648135e-01
  +4.25090506080178709425e+00
  +4.33065119112043195315e+00
  +3.53050008960500538713e-01
  -3.95532048290300419779e+00
  -4.55798755439935465716e+00
  -8.90317963329785744264e-01
  +3.61148234766353404268e+00
  +4.72971802813408448429e+00
  +1.41672434301054694927e+00
  -3.22358536272829665492e+00
  -4.84374755927002009770e+00
  -1.92584717014450279571e+00
  +2.79636173868284210187e+00
  +4.89868502652065451741e+00
  +2.41147532036803013966e+00
  -2.33502345766874919164e+00
  -4.89386021157472139720e+00
  -2.86768429629606114162e+00
  +1.84519868892480376488e+00
  +4.82933197551634485478e+00
  +3.28890850441316162645e+00
  -1.33286312716695265479e+00
  -4.70588754076337334453e+00
  -3.67000915344177514044e+00
  +8.04267091016559465544e-01
  +4.52503288721821217422e+00
  +4.00633694576988919067e+00
  -2.65859271377236416889e-01
  -4.28897437979187490242e+00
  -4.29378879733454255074e+00
  -2.75791940443317562526e-01
  +4.00059185156178376275e+00
  +4.52885789385537051999e+00
  +8.14078584915344793949e-01
  -3.66340347077220673810e+00
  -4.70867647272836542527e+00
  -1.34243374902739054377e+00
  +3.28152282033991626875e+00
  +4.83105080878557480162e+00
  +1.85441168043710735702e+00
  -2.85960915863128928294e+00
  -4.89453020714174513728e+00
  -2.34374061516626275292e+00
  +2.40282711413901717279e+00
  +4.89820798084946318340e+00
  +2.80450279329484519764e+00
  -1.91671529451898603469e+00
  -4.84218043300818123953e+00
  -3.23105121202215839205e+00
  +1.40722020378467815860e+00
  +4.72707993968197559553e+00
  +3.61818191080831219608e+00
  -8.80557507735471700627e-01
  -4.55431068752688705814e+00
  -3.96117202757405806324e+00
  +3.43152311200117576817e-01
  +4.32599683987975680566e+00
  +4.25611205550478466364e+00
  +1.98653552328952653916e-01
  -4.04473465355646943920e+00
  -4.49876260895251611771e+00
  -7.37937684582693820268e-01
  +3.71425427654878692607e+00
  +4.68659553123171512823e+00
  +1.26810849149331006380e+00
  -3.33845774301998554634e+00
  -4.81725359063447289287e+00
  -1.78280880837481081613e+00
  +2.92193316662857416333e+00
  +4.88914280350534724562e+00
  +2.27575946746628599016e+00
  -2.46976200479970575685e+00
  -4.90136929230459728046e+00
  -2.74083587386722715706e+00
  +1.98756717390546500113e+00
  +4.85383679751616359255e+00
  +3.17259132083979178418e+00
  -1.48102581571765590240e+00
  -4.74708347264548979894e+00
  -3.56564223855381623451e+00
  +9.56416448987556733208e-01
</dep>
